1.280000000000000000e+03 1.417706665039062500e+03
2.280000000000000000e+03 8.029262542724609375e+00
3.280000000000000000e+03 2.439236164093017578e+00
4.280000000000000000e+03 3.417333126068115234e+00
5.280000000000000000e+03 2.806578874588012695e+00
6.280000000000000000e+03 1.965771913528442383e+00
7.280000000000000000e+03 1.067983984947204590e+00
8.280000000000000000e+03 1.104252338409423828e+00
9.280000000000000000e+03 2.762091398239135742e+00
1.028000000000000000e+04 1.976734042167663574e+00
1.128000000000000000e+04 2.791729450225830078e+00
