1.280000000000000000e+03 2.681587934494018555e+00
2.280000000000000000e+03 4.155489921569824219e+00
3.280000000000000000e+03 1.499291062355041504e+00
4.280000000000000000e+03 1.448846220970153809e+00
5.280000000000000000e+03 1.598322629928588867e+00
6.280000000000000000e+03 1.123333692550659180e+00
7.280000000000000000e+03 9.858717322349548340e-01
8.280000000000000000e+03 1.864256143569946289e+00
9.280000000000000000e+03 1.186003804206848145e+00
1.028000000000000000e+04 9.645398855209350586e-01
1.128000000000000000e+04 1.036853909492492676e+00
